Step Time(ns) rpsystem.singlet rpsystem.t0 rpsystem.tp rpsystem.tm rpsystem.identity 
1 0 1 2.84603e-19 1.9082e-17 1.24904e-21 1 
1 0.2 0.996357 0.00170694 0.00104746 0.000888992 1 
1 0.4 0.991487 0.00453481 0.00218385 0.00179421 1 
1 0.6 0.986377 0.00757153 0.00341194 0.00263986 1 
1 0.8 0.982003 0.00981006 0.00472635 0.00346034 1 
1 1 0.978909 0.0106343 0.00611691 0.0043399 1 
1 1.2 0.977059 0.0101064 0.00757365 0.00526146 1 
1 1.4 0.975854 0.00892856 0.00909095 0.00612654 1 
1 1.6 0.974309 0.00810691 0.0106689 0.00691554 1 
1 1.8 0.971496 0.0084744 0.0123117 0.00771774 1 
1 2 0.967102 0.0102913 0.0140243 0.00858262 1 
1 2.2 0.961628 0.0131174 0.0158089 0.00944518 1 
1 2.4 0.956061 0.0160271 0.0176643 0.0102472 1 
1 2.6 0.95131 0.018062 0.0195864 0.0110412 1 
1 2.8 0.94784 0.0186913 0.0215708 0.011898 1 
1 3 0.94555 0.0180571 0.0236147 0.0127787 1 
1 3.2 0.943792 0.0168984 0.0257173 0.0135927 1 
1 3.4 0.941577 0.016199 0.0278788 0.0143448 1 
1 3.6 0.938058 0.0167202 0.0300984 0.0151235 1 
1 3.8 0.933037 0.0186351 0.032373 0.0159544 1 
1 4 0.927092 0.021443 0.034698 0.016767 1 
1 4.2 0.921191 0.0242156 0.0370689 0.0175248 1 
1 4.4 0.916175 0.0260503 0.0394838 0.0182909 1 
1 4.6 0.912437 0.0265021 0.0419443 0.0191169 1 
1 4.8 0.909811 0.0257865 0.0444544 0.019948 1 
1 5 0.907604 0.0246696 0.0470176 0.020709 1 
1 5.2 0.904837 0.0241041 0.0496335 0.021425 1 
1 5.4 0.900752 0.0247764 0.052296 0.0221754 1 
1 5.6 0.895266 0.0267752 0.0549947 0.0229636 1 
1 5.8 0.889011 0.0295484 0.0577187 0.0237222 1 
1 6 0.882927 0.032175 0.0604615 0.0244369 1 
1 6.2 0.877788 0.0338146 0.063224 0.0251731 1 
1 6.4 0.873919 0.0341065 0.0660141 0.0259603 1 
1 6.6 0.871089 0.0333326 0.0688424 0.0267361 1 
1 6.8 0.868563 0.0322768 0.0717157 0.027445 1 
1 7 0.865389 0.0318531 0.0746324 0.0281259 1 
1 7.2 0.860906 0.0326702 0.0775812 0.0288427 1 
1 7.4 0.855137 0.034737 0.0805449 0.0295815 1 
1 7.6 0.848748 0.037459 0.0835073 0.0302853 1 
1 7.8 0.842647 0.0399322 0.0864611 0.0309592 1 
1 8 0.837544 0.0413826 0.0894106 0.0316628 1 
1 8.2 0.833693 0.0415318 0.0923701 0.0324049 1 
1 8.4 0.8308 0.0407205 0.0953562 0.0331231 1 
1 8.6 0.828097 0.0397414 0.0983784 0.0337831 1 
1 8.8 0.824674 0.0394631 0.101433 0.0344294 1 
1 9 0.819972 0.0404154 0.104505 0.0351077 1 
1 9.2 0.814105 0.0425326 0.107569 0.0357934 1 
1 9.4 0.807762 0.0451874 0.110606 0.0364446 1 
1 9.6 0.801811 0.047501 0.113608 0.0370804 1 
1 9.8 0.796899 0.0487689 0.116584 0.0377486 1 
1 10 0.793213 0.0487917 0.119555 0.038441 1 
1 10.2 0.790394 0.0479612 0.122542 0.0391028 1 
1 10.4 0.787654 0.0470704 0.125557 0.0397183 1 
1 10.6 0.784138 0.0469372 0.128595 0.0403303 1 
1 10.8 0.779389 0.0480123 0.131633 0.040966 1 
1 11 0.773598 0.0501614 0.134643 0.0415981 1 
1 11.2 0.767464 0.0527336 0.137601 0.0422013 1 
1 11.4 0.761813 0.0548826 0.140503 0.0428015 1 
1 11.6 0.757233 0.0559751 0.14336 0.0434314 1 
1 11.8 0.75384 0.0558867 0.1462 0.0440726 1 
1 12 0.751216 0.0550526 0.14905 0.0446821 1 
1 12.2 0.748563 0.0542582 0.151921 0.045258 1 
1 12.4 0.745093 0.054266 0.154806 0.0458353 1 
1 12.6 0.740448 0.0554489 0.157677 0.0464264 1 
1 12.8 0.73488 0.0576109 0.160501 0.0470073 1 
1 13 0.729091 0.0600862 0.163254 0.0475682 1 
1 13.2 0.723867 0.062067 0.165932 0.0481346 1 
1 13.4 0.719731 0.0629919 0.168553 0.0487245 1 
1 13.6 0.716729 0.0628063 0.171149 0.0493158 1 
1 13.8 0.714388 0.0619814 0.173752 0.049879 1 
1 14 0.711919 0.0612881 0.176373 0.0504198 1 
1 14.2 0.708608 0.0614299 0.179 0.050962 1 
1 14.4 0.704184 0.0627043 0.181603 0.0515083 1 
1 14.6 0.698952 0.0648605 0.184144 0.0520431 1 
1 14.8 0.693609 0.0672259 0.186598 0.0525675 1 
1 15 0.688898 0.0690363 0.188964 0.0531015 1 
1 15.2 0.685282 0.0698015 0.191266 0.0536509 1 
1 15.4 0.68273 0.0695318 0.193543 0.054196 1 
1 15.6 0.680727 0.0687268 0.195826 0.05472 1 
1 15.8 0.678506 0.0681366 0.198128 0.0552292 1 
1 16 0.675428 0.0684031 0.200433 0.0557361 1 
1 16.2 0.671305 0.0697516 0.202704 0.0562398 1 
1 16.4 0.666479 0.071884 0.204902 0.0567351 1 
1 16.6 0.66164 0.0741284 0.207003 0.0572283 1 
1 16.8 0.657492 0.0757679 0.209009 0.0577306 1 
1 17 0.654426 0.076382 0.210951 0.0582406 1 
1 17.2 0.652343 0.0760405 0.212872 0.0587454 1 
1 17.4 0.650695 0.0752644 0.214804 0.0592369 1 
1 17.6 0.648748 0.0747769 0.216758 0.0597169 1 
1 17.8 0.64594 0.0751573 0.218713 0.0601889 1 
1 18 0.642153 0.0765626 0.22063 0.0606543 1 
1 18.2 0.637762 0.0786546 0.222467 0.061117 1 
1 18.4 0.633447 0.0807689 0.224201 0.061583 1 
1 18.6 0.629868 0.0822386 0.22584 0.0620542 1 
1 18.8 0.627342 0.0827111 0.227419 0.0625276 1 
1 19 0.625706 0.0823096 0.228986 0.0629989 1 
1 19.2 0.624393 0.08157 0.230573 0.0634636 1 
1 19.4 0.622713 0.0811835 0.232188 0.0639158 1 
1 19.6 0.620174 0.0816662 0.233806 0.0643542 1 
1 19.8 0.61672 0.0831115 0.235382 0.0647868 1 
1 20 0.612754 0.0851483 0.236874 0.0652235 1 
1 20.2 0.608946 0.0871256 0.238263 0.0656649 1 
1 20.4 0.605903 0.0884286 0.239562 0.0661058 1 
1 20.6 0.603872 0.0887698 0.240812 0.0665467 1 
1 20.8 0.602628 0.0883203 0.24206 0.0669914 1 
1 21 0.601601 0.0876237 0.243342 0.0674333 1 
1 21.2 0.600148 0.0873355 0.244658 0.0678584 1 
1 21.4 0.597846 0.0879088 0.24598 0.0682657 1 
1 21.6 0.594691 0.0893783 0.247259 0.0686716 1 
1 21.8 0.591111 0.0913472 0.248454 0.0690873 1 
1 22 0.587762 0.0931832 0.249549 0.0695054 1 
1 22.2 0.585195 0.0943245 0.250563 0.0699172 1 
1 22.4 0.583583 0.0945458 0.251541 0.0703307 1 
1 22.6 0.582653 0.0940602 0.252532 0.0707547 1 
1 22.8 0.581841 0.093413 0.25357 0.071176 1 
1 23 0.580556 0.0932198 0.25465 0.0715744 1 
1 23.2 0.578435 0.0938723 0.255739 0.0719541 1 
1 23.4 0.575524 0.095352 0.256785 0.0723391 1 
1 23.6 0.572271 0.0972426 0.257749 0.0727372 1 
1 23.8 0.569313 0.0989351 0.258619 0.0731322 1 
1 24 0.567142 0.0999217 0.259419 0.0735168 1 
1 24.2 0.565857 0.100036 0.260199 0.0739084 1 
1 24.4 0.565149 0.0995264 0.261009 0.074316 1 
1 24.6 0.564472 0.0989344 0.261876 0.0747174 1 
1 24.8 0.563283 0.098833 0.262794 0.0750895 1 
1 25 0.561277 0.0995541 0.263723 0.0754455 1 
1 25.2 0.558544 0.101031 0.26461 0.0758146 1 
1 25.4 0.55555 0.102835 0.265418 0.0761965 1 
1 25.6 0.552909 0.104385 0.266138 0.0765681 1 
1 25.8 0.551045 0.105226 0.266801 0.0769284 1 
1 26 0.549991 0.105246 0.26746 0.0773029 1 
1 26.2 0.549413 0.104726 0.268165 0.0776966 1 
1 26.4 0.54879 0.104195 0.268938 0.0780774 1 
1 26.6 0.547627 0.104182 0.269767 0.0784243 1 
1 26.8 0.54567 0.104962 0.270608 0.078761 1 
1 27 0.54305 0.106425 0.271407 0.0791173 1 
1 27.2 0.540251 0.108137 0.272129 0.079483 1 
1 27.4 0.537852 0.109546 0.272771 0.0798311 1 
1 27.6 0.53621 0.110251 0.273369 0.0801701 1 
1 27.8 0.535298 0.110193 0.273977 0.0805315 1 
1 28 0.53477 0.109674 0.274644 0.0809118 1 
1 28.2 0.534131 0.10921 0.275389 0.081271 1 
1 28.4 0.532932 0.109282 0.276192 0.0815944 1 
1 28.6 0.530967 0.110112 0.277005 0.0819156 1 
1 28.8 0.528411 0.111553 0.277775 0.0822609 1 
1 29 0.525754 0.113168 0.278469 0.082609 1 
1 29.2 0.523535 0.11444 0.279091 0.0829339 1 
1 29.4 0.522043 0.115023 0.279679 0.0832552 1 
1 29.6 0.521202 0.114901 0.280291 0.0836061 1 
1 29.8 0.52066 0.114396 0.280972 0.0839721 1 
1 30 0.519953 0.114003 0.281735 0.0843086 1 
1 30.2 0.518675 0.114158 0.282556 0.0846108 1 
1 30.4 0.516668 0.115029 0.283383 0.0849199 1 
1 30.6 0.514142 0.11644 0.284163 0.0852542 1 
1 30.8 0.511593 0.117956 0.284868 0.0855831 1 
1 31 0.509511 0.119098 0.285505 0.0858858 1 
1 31.2 0.508118 0.11957 0.286119 0.0861927 1 
1 31.4 0.5073 0.1194 0.286766 0.0865342 1 
1 31.6 0.506707 0.118922 0.287488 0.0868843 1 
1 31.8 0.505904 0.118605 0.288293 0.0871977 1 
1 32 0.504527 0.118839 0.289152 0.0874816 1 
1 32.2 0.502465 0.119743 0.290011 0.0877807 1 
1 32.4 0.499964 0.121117 0.290817 0.088103 1 
1 32.6 0.49751 0.122533 0.291546 0.0884112 1 
1 32.8 0.495544 0.123551 0.292211 0.0886937 1 
1 33 0.494225 0.123927 0.29286 0.0889891 1 
1 33.2 0.493407 0.123724 0.293547 0.0893211 1 
1 33.4 0.492752 0.123283 0.294313 0.0896531 1 
1 33.6 0.491851 0.123046 0.295159 0.0899442 1 
1 33.8 0.490382 0.123355 0.296051 0.0902129 1 
1 34 0.488279 0.124285 0.296933 0.0905033 1 
1 34.2 0.485818 0.125615 0.297756 0.0908116 1 
1 34.4 0.483472 0.126931 0.298498 0.0910987 1 
1 34.6 0.481623 0.127834 0.299179 0.0913635 1 
1 34.8 0.480376 0.128127 0.299847 0.0916499 1 
1 35 0.479565 0.127906 0.300557 0.0919713 1 
1 35.2 0.478861 0.127511 0.301344 0.0922838 1 
1 35.4 0.477885 0.127356 0.302204 0.0925543 1 
1 35.6 0.476353 0.127735 0.303101 0.092811 1 
1 35.8 0.474247 0.128684 0.303977 0.0930929 1 
1 36 0.471865 0.129964 0.304785 0.0933856 1 
1 36.2 0.469657 0.131183 0.305509 0.0936519 1 
1 36.4 0.467948 0.131978 0.306171 0.0939024 1 
1 36.6 0.466795 0.132201 0.306823 0.0941812 1 
1 36.8 0.466018 0.131976 0.307516 0.0944908 1 
1 37 0.4653 0.131636 0.308281 0.0947833 1 
1 37.2 0.46429 0.131563 0.309111 0.0950359 1 
1 37.4 0.462746 0.132006 0.309965 0.0952835 1 
1 37.6 0.460692 0.132965 0.310786 0.0955566 1 
1 37.8 0.458444 0.134192 0.311531 0.0958325 1 
1 38 0.456419 0.135313 0.312188 0.09608 1 
1 38.2 0.454888 0.13601 0.312783 0.0963195 1 
1 38.4 0.453866 0.136176 0.313366 0.0965918 1 
1 38.6 0.453166 0.135958 0.313988 0.0968882 1 
1 38.8 0.452483 0.135679 0.314676 0.0971616 1 
1 39 0.451494 0.135687 0.315419 0.0974 1 
1 39.2 0.45 0.136187 0.316172 0.0976408 1 
1 39.4 0.448066 0.137148 0.316881 0.0979047 1 
1 39.6 0.446015 0.138316 0.317505 0.0981636 1 
1 39.8 0.444226 0.139342 0.318037 0.0983953 1 
1 40 0.442916 0.13995 0.318507 0.0986272 1 
1 40.2 0.442072 0.140071 0.318964 0.0988934 1 
1 40.4 0.441499 0.139869 0.319456 0.0991763 1 
1 40.6 0.440907 0.139655 0.320006 0.0994328 1 
1 40.8 0.44 0.13974 0.320599 0.099661 1 
1 41 0.438623 0.14029 0.32119 0.0998969 1 
1 41.2 0.436878 0.141244 0.321726 0.100151 1 
1 41.4 0.435085 0.142349 0.322171 0.100394 1 
1 41.6 0.433582 0.143282 0.322522 0.100614 1 
1 41.8 0.432541 0.143809 0.322809 0.100841 1 
1 42 0.43192 0.143896 0.323082 0.101102 1 
1 42.2 0.431524 0.143717 0.323387 0.101372 1 
1 42.4 0.431074 0.14357 0.323741 0.101615 1 
1 42.6 0.430308 0.143728 0.324128 0.101837 1 
1 42.8 0.429111 0.144318 0.324501 0.10207 1 
1 43 0.427617 0.145257 0.324812 0.102314 1 
1 43.2 0.426134 0.146295 0.325026 0.102544 1 
1 43.4 0.424961 0.147138 0.325145 0.102756 1 
1 43.6 0.424226 0.147591 0.325201 0.102982 1 
1 43.8 0.423867 0.147653 0.325244 0.103237 1 
1 44 0.423686 0.147504 0.325314 0.103496 1 
1 44.2 0.423422 0.147422 0.325427 0.103729 1 
1 44.4 0.422843 0.147646 0.325562 0.103949 1 
1 44.6 0.421879 0.148267 0.325675 0.104179 1 
1 44.8 0.420682 0.149183 0.325719 0.104416 1 
1 45 0.419548 0.15015 0.325665 0.104636 1 
1 45.2 0.418732 0.150906 0.325518 0.104844 1 
1 45.4 0.418325 0.151294 0.325311 0.10507 1 
1 45.6 0.41825 0.151338 0.325091 0.105321 1 
1 45.8 0.41831 0.151222 0.324896 0.105572 1 
1 46 0.418258 0.151203 0.324738 0.1058 1 
1 46.2 0.417899 0.151485 0.324596 0.106021 1 
1 46.4 0.417199 0.152126 0.324425 0.10625 1 
1 46.6 0.416328 0.153011 0.324182 0.10648 1 
1 46.8 0.415558 0.153906 0.323842 0.106694 1 
1 47 0.415105 0.154579 0.323413 0.106903 1 
1 47.2 0.415032 0.154908 0.32293 0.10713 1 
1 47.4 0.415244 0.15494 0.322436 0.107379 1 
1 47.6 0.415548 0.15486 0.321968 0.107624 1 
1 47.8 0.415716 0.1549 0.321532 0.107853 1 
1 48 0.415588 0.15523 0.321106 0.108076 1 
1 48.2 0.415163 0.155882 0.320649 0.108306 1 
1 48.4 0.41462 0.156728 0.32012 0.108531 1 
1 48.6 0.414208 0.157549 0.319499 0.108744 1 
1 48.8 0.414106 0.158143 0.318796 0.108956 1 
1 49 0.414347 0.15842 0.318045 0.109187 1 
1 49.2 0.414829 0.158447 0.317289 0.109435 1 
1 49.4 0.41536 0.158402 0.316559 0.109679 1 
1 49.6 0.415734 0.158495 0.315861 0.10991 1 
1 49.8 0.415826 0.158866 0.31517 0.110139 1 
1 50 0.415665 0.159518 0.314447 0.11037 1 
1 50.2 0.41543 0.16032 0.313656 0.110594 1 
1 50.4 0.415346 0.161066 0.31278 0.110809 1 
1 50.6 0.415557 0.161585 0.311831 0.111026 1 
1 50.8 0.416076 0.161818 0.310844 0.111263 1 
1 51 0.416787 0.161842 0.309858 0.111512 1 
1 51.2 0.417508 0.161833 0.308902 0.111758 1 
1 51.4 0.418055 0.161973 0.307976 0.111995 1 
1 51.6 0.418337 0.162374 0.307059 0.11223 1 
1 51.8 0.418406 0.163019 0.306111 0.112464 1 
1 52 0.418438 0.16377 0.305101 0.11269 1 
1 52.2 0.418631 0.164443 0.304017 0.112909 1 
1 52.4 0.419102 0.164893 0.302871 0.113135 1 
1 52.6 0.41984 0.165087 0.301696 0.113377 1 
1 52.8 0.420725 0.165113 0.300532 0.11363 1 
1 53 0.421582 0.165137 0.2994 0.113881 1 
1 53.2 0.422253 0.165319 0.298302 0.114126 1 
1 53.4 0.422678 0.165742 0.297213 0.114368 1 
1 53.6 0.422927 0.16637 0.296098 0.114605 1 
1 53.8 0.423166 0.167069 0.294929 0.114836 1 
1 54 0.423572 0.16767 0.293696 0.115062 1 
1 54.2 0.424233 0.168056 0.292414 0.115296 1 
1 54.4 0.425122 0.168217 0.291116 0.115544 1 
1 54.6 0.426112 0.168249 0.289836 0.115803 1 
1 54.8 0.427039 0.168304 0.288594 0.116062 1 
1 55 0.427775 0.168521 0.287388 0.116316 1 
1 55.2 0.428285 0.168958 0.286193 0.116564 1 
1 55.4 0.42865 0.169565 0.284979 0.116807 1 
1 55.6 0.429028 0.170209 0.283719 0.117044 1 
1 55.8 0.429573 0.170741 0.282408 0.117279 1 
1 56 0.430348 0.17107 0.281061 0.117521 1 
1 56.2 0.43131 0.171204 0.279709 0.117776 1 
1 56.4 0.432331 0.171243 0.278384 0.118042 1 
1 56.6 0.43326 0.171328 0.277101 0.11831 1 
1 56.8 0.433996 0.171575 0.275857 0.118573 1 
1 57 0.434526 0.172018 0.274629 0.118827 1 
1 57.2 0.43494 0.172598 0.273386 0.119075 1 
1 57.4 0.435386 0.173187 0.272107 0.11932 1 
1 57.6 0.435993 0.173655 0.270789 0.119563 1 
1 57.8 0.436805 0.173934 0.269448 0.119813 1 
1 58 0.437764 0.174047 0.268113 0.120076 1 
1 58.2 0.438742 0.174096 0.266811 0.120351 1 
1 58.4 0.439606 0.174209 0.265557 0.120628 1 
1 58.6 0.440279 0.17448 0.264344 0.120897 1 
1 58.8 0.440768 0.174925 0.26315 0.121158 1 
1 59 0.441166 0.175475 0.261947 0.121412 1 
1 59.2 0.441609 0.176009 0.260718 0.121664 1 
1 59.4 0.442207 0.176418 0.25946 0.121916 1 
1 59.6 0.442985 0.176652 0.25819 0.122173 1 
1 59.8 0.44387 0.176751 0.256936 0.122443 1 
1 60 0.44474 0.176812 0.255722 0.122726 1 
1 60.2 0.44548 0.176951 0.254558 0.123011 1 
1 60.4 0.446035 0.177242 0.253437 0.123287 1 
1 60.6 0.446428 0.177683 0.252336 0.123552 1 
1 60.8 0.446753 0.178201 0.251232 0.123813 1 
1 61 0.447134 0.178684 0.25011 0.124072 1 
1 61.2 0.447663 0.179038 0.248968 0.12433 1 
1 61.4 0.448346 0.179236 0.247825 0.124593 1 
1 61.6 0.4491 0.179325 0.246705 0.12487 1 
1 61.8 0.449809 0.179401 0.245629 0.125161 1 
1 62 0.450379 0.179565 0.244605 0.125452 1 
1 62.2 0.450774 0.179871 0.243623 0.125732 1 
1 62.4 0.451029 0.180307 0.242663 0.126002 1 
1 62.6 0.451236 0.180792 0.241704 0.126268 1 
1 62.8 0.45151 0.181225 0.240732 0.126533 1 
1 63 0.451924 0.181532 0.239749 0.126795 1 
1 63.2 0.452465 0.181699 0.238773 0.127063 1 
1 63.4 0.453046 0.181783 0.237824 0.127347 1 
1 63.6 0.453559 0.181875 0.236922 0.127644 1 
1 63.8 0.453928 0.182063 0.236069 0.12794 1 
1 64 0.454137 0.182383 0.235258 0.128221 1 
1 64.2 0.454227 0.182809 0.23447 0.128494 1 
1 64.4 0.454289 0.183262 0.233684 0.128765 1 
1 64.6 0.454427 0.183649 0.23289 0.129034 1 
1 64.8 0.454696 0.183914 0.232092 0.129298 1 
1 65 0.455068 0.184057 0.231305 0.12957 1 
1 65.2 0.455452 0.184141 0.230549 0.129859 1 
1 65.4 0.455751 0.184251 0.229837 0.130161 1 
1 65.6 0.455908 0.184461 0.229173 0.130458 1 
1 65.8 0.45592 0.184793 0.228548 0.13074 1 
1 66 0.455834 0.185208 0.227943 0.131015 1 
1 66.2 0.455741 0.185629 0.227342 0.131289 1 
1 66.4 0.45573 0.185974 0.226737 0.131559 1 
1 66.6 0.455842 0.186202 0.226131 0.131824 1 
1 66.8 0.456035 0.186328 0.225539 0.132097 1 
1 67 0.456217 0.186415 0.224978 0.132391 1 
1 67.2 0.456302 0.186545 0.224458 0.132695 1 
1 67.4 0.456251 0.186776 0.223982 0.132991 1 
1 67.6 0.456072 0.187116 0.22354 0.133272 1 
1 67.8 0.455817 0.18752 0.223116 0.133548 1 
1 68 0.455572 0.18791 0.222696 0.133823 1 
1 68.2 0.455418 0.188217 0.222273 0.134092 1 
1 68.4 0.455377 0.188414 0.221852 0.134356 1 
1 68.6 0.455397 0.188526 0.221446 0.134631 1 
1 68.8 0.455386 0.188621 0.221067 0.134926 1 
1 69 0.455273 0.188771 0.220726 0.135231 1 
1 69.2 0.455032 0.189023 0.220422 0.135524 1 
1 69.4 0.454682 0.189369 0.220146 0.135803 1 
1 69.6 0.454277 0.18976 0.219886 0.136078 1 
1 69.8 0.453899 0.190121 0.219629 0.136351 1 
1 70 0.453618 0.190394 0.219371 0.136618 1 
1 70.2 0.453442 0.190564 0.219115 0.13688 1 
1 70.4 0.453308 0.190667 0.218871 0.137154 1 
1 70.6 0.453128 0.190771 0.218651 0.13745 1 
1 70.8 0.452843 0.190942 0.218463 0.137752 1 
1 71 0.452442 0.191212 0.218305 0.138041 1 
1 71.2 0.45195 0.191564 0.21817 0.138317 1 
1 71.4 0.451423 0.191941 0.218047 0.13859 1 
1 71.6 0.45094 0.192273 0.217926 0.138861 1 
1 71.8 0.450559 0.192515 0.217804 0.139122 1 
1 72 0.450274 0.192662 0.217683 0.139381 1 
1 72.2 0.450013 0.19276 0.217572 0.139655 1 
1 72.4 0.449695 0.192875 0.21748 0.13995 1 
1 72.6 0.449274 0.193067 0.217412 0.140247 1 
1 72.8 0.448748 0.193353 0.217368 0.140531 1 
1 73 0.448149 0.193708 0.217341 0.140802 1 
1 73.2 0.447535 0.194071 0.217323 0.141072 1 
1 73.4 0.446979 0.194376 0.217306 0.141338 1 
1 73.6 0.446529 0.194589 0.217288 0.141594 1 
1 73.8 0.446164 0.194717 0.21727 0.141849 1 
1 74 0.445809 0.194811 0.217258 0.142122 1 
1 74.2 0.445388 0.194939 0.217259 0.142413 1 
1 74.4 0.444867 0.19515 0.217277 0.142705 1 
1 74.6 0.444254 0.195452 0.217312 0.142982 1 
1 74.8 0.443584 0.195807 0.21736 0.143249 1 
1 75 0.442917 0.196154 0.217414 0.143515 1 
1 75.2 0.442322 0.196434 0.217469 0.143775 1 
1 75.4 0.441834 0.19662 0.217522 0.144024 1 
1 75.6 0.441419 0.196731 0.217575 0.144275 1 
1 75.8 0.441001 0.196824 0.217629 0.144545 1 
1 76 0.440511 0.196965 0.217691 0.144833 1 
1 76.2 0.439926 0.197193 0.217763 0.145118 1 
1 76.4 0.43926 0.197507 0.217845 0.145388 1 
1 76.6 0.438552 0.197861 0.217937 0.14565 1 
1 76.8 0.437864 0.198192 0.218034 0.14591 1 
1 77 0.437259 0.198446 0.218132 0.146163 1 
1 77.2 0.436759 0.198607 0.218229 0.146406 1 
1 77.4 0.436321 0.198703 0.218323 0.146653 1 
1 77.6 0.435867 0.198797 0.218416 0.14692 1 
1 77.8 0.435337 0.19895 0.21851 0.147202 1 
1 78 0.434718 0.199194 0.218609 0.14748 1 
1 78.2 0.434027 0.199517 0.218714 0.147743 1 
1 78.4 0.433308 0.199867 0.218825 0.148 1 
1 78.6 0.432624 0.20018 0.218942 0.148254 1 
1 78.8 0.432031 0.200409 0.219061 0.148499 1 
1 79 0.431538 0.200547 0.21918 0.148736 1 
1 79.2 0.431096 0.20063 0.219295 0.148979 1 
1 79.4 0.430627 0.200725 0.219405 0.149242 1 
1 79.6 0.43008 0.200889 0.219513 0.149518 1 
1 79.8 0.429447 0.201146 0.219619 0.149788 1 
1 80 0.428751 0.201475 0.219729 0.150045 1 
1 80.2 0.42804 0.201819 0.219844 0.150297 1 
1 80.4 0.427376 0.202114 0.219967 0.150544 1 
1 80.6 0.426807 0.202318 0.220094 0.150781 1 
1 80.8 0.426334 0.202434 0.220221 0.151011 1 
1 81 0.425899 0.202506 0.220345 0.15125 1 
1 81.2 0.425427 0.202602 0.220461 0.15151 1 
1 81.4 0.424875 0.202775 0.220571 0.151779 1 
1 81.6 0.42424 0.203043 0.220676 0.152041 1 
1 81.8 0.423551 0.203375 0.220782 0.152292 1 
1 82 0.422856 0.20371 0.220896 0.152538 1 
1 82.2 0.422219 0.203986 0.221018 0.152778 1 
1 82.4 0.42168 0.204166 0.221148 0.153006 1 
1 82.6 0.421228 0.204261 0.221281 0.15323 1 
1 82.8 0.420801 0.204323 0.221409 0.153466 1 
1 83 0.420331 0.204419 0.221529 0.153721 1 
1 83.2 0.419777 0.204602 0.221638 0.153982 1 
1 83.4 0.419144 0.204877 0.221742 0.154237 1 
1 83.6 0.418462 0.20521 0.221846 0.154482 1 
1 83.8 0.417785 0.205534 0.221959 0.154722 1 
1 84 0.417172 0.205789 0.222085 0.154954 1 
1 84.2 0.416657 0.205946 0.222222 0.155175 1 
1 84.4 0.41622 0.206022 0.222364 0.155394 1 
1 84.6 0.415798 0.206074 0.222502 0.155626 1 
1 84.8 0.415324 0.206172 0.22263 0.155875 1 
1 85 0.414765 0.20636 0.222745 0.156129 1 
1 85.2 0.414128 0.206641 0.222854 0.156377 1 
1 85.4 0.413448 0.206971 0.222964 0.156616 1 
1 85.6 0.412781 0.207283 0.223087 0.156849 1 
1 85.8 0.412183 0.207518 0.223226 0.157073 1 
1 86 0.411682 0.207652 0.22338 0.157286 1 
1 86.2 0.411249 0.20771 0.223541 0.1575 1 
1 86.4 0.410819 0.207754 0.223699 0.157728 1 
1 86.6 0.410332 0.207852 0.223845 0.157971 1 
1 86.8 0.409758 0.208046 0.223978 0.158217 1 
1 87 0.409108 0.20833 0.224105 0.158458 1 
1 87.2 0.408418 0.208655 0.224235 0.158692 1 
1 87.4 0.407749 0.208954 0.22438 0.158917 1 
1 87.6 0.407153 0.209168 0.224547 0.159132 1 
1 87.8 0.406649 0.209281 0.224732 0.159338 1 
1 88 0.406204 0.209322 0.224926 0.159547 1 
1 88.2 0.405753 0.209359 0.225117 0.15977 1 
1 88.4 0.40524 0.209457 0.225296 0.160007 1 
1 88.6 0.404638 0.209655 0.225461 0.160246 1 
1 88.8 0.40396 0.20994 0.22562 0.16048 1 
1 89 0.403249 0.210259 0.225786 0.160707 1 
1 89.2 0.402562 0.210543 0.22597 0.160924 1 
1 89.4 0.401952 0.210737 0.22618 0.161131 1 
1 89.6 0.401429 0.21083 0.226411 0.16133 1 
1 89.8 0.400956 0.210857 0.226653 0.161534 1 
1 90 0.40047 0.210887 0.226891 0.161751 1 
1 90.2 0.399917 0.210986 0.227117 0.16198 1 
1 90.4 0.399274 0.211186 0.227328 0.162212 1 
1 90.6 0.398557 0.21147 0.227534 0.162439 1 
1 90.8 0.39781 0.211782 0.22775 0.162658 1 
1 91 0.397093 0.212051 0.227988 0.162867 1 
1 91.2 0.396454 0.212227 0.228254 0.163065 1 
1 91.4 0.395897 0.212301 0.228545 0.163257 1 
1 91.6 0.395383 0.212315 0.228846 0.163456 1 
1 91.8 0.394849 0.21234 0.229144 0.163667 1 
1 92 0.394245 0.21244 0.229427 0.163888 1 
1 92.2 0.39355 0.212641 0.229697 0.164112 1 
1 92.4 0.392782 0.212924 0.229962 0.164332 1 
1 92.6 0.39199 0.213228 0.230239 0.164543 1 
1 92.8 0.391233 0.213483 0.230541 0.164743 1 
1 93 0.390554 0.21364 0.230875 0.164932 1 
1 93.2 0.389952 0.213698 0.231233 0.165117 1 
1 93.4 0.389387 0.213701 0.231603 0.165309 1 
1 93.6 0.388798 0.213722 0.231967 0.165513 1 
1 93.8 0.388136 0.213821 0.232315 0.165727 1 
1 94 0.387384 0.214024 0.232649 0.165943 1 
1 94.2 0.386561 0.214305 0.23298 0.166155 1 
1 94.4 0.385718 0.214601 0.233325 0.166357 1 
1 94.6 0.384915 0.214841 0.233697 0.166546 1 
1 94.8 0.384189 0.214982 0.234102 0.166726 1 
1 95 0.383538 0.215025 0.234532 0.166905 1 
1 95.2 0.382919 0.21502 0.234971 0.16709 1 
1 95.4 0.382274 0.215037 0.235403 0.167287 1 
1 95.6 0.381553 0.215138 0.235817 0.167492 1 
1 95.8 0.380742 0.215342 0.236216 0.1677 1 
1 96 0.379865 0.21562 0.236613 0.167902 1 
1 96.2 0.378973 0.215908 0.237025 0.168095 1 
1 96.4 0.378124 0.216136 0.237466 0.168274 1 
1 96.6 0.377353 0.216261 0.23794 0.168446 1 
1 96.8 0.376654 0.216292 0.238438 0.168616 1 
1 97 0.375986 0.216278 0.238942 0.168794 1 
1 97.2 0.375288 0.216293 0.239437 0.168982 1 
1 97.4 0.374515 0.216395 0.239911 0.169179 1 
1 97.6 0.373652 0.216601 0.240369 0.169378 1 
1 97.8 0.372727 0.216877 0.240825 0.169571 1 
1 98 0.371793 0.217157 0.241297 0.169753 1 
1 98.2 0.370906 0.217373 0.241799 0.169923 1 
1 98.4 0.370097 0.217485 0.242333 0.170085 1 
1 98.6 0.36936 0.217504 0.242888 0.170248 1 
1 98.8 0.368651 0.217484 0.243447 0.170417 1 
1 99 0.367913 0.217498 0.243992 0.170597 1 
1 99.2 0.367098 0.217602 0.244514 0.170785 1 
1 99.4 0.366196 0.217809 0.245019 0.170975 1 
1 99.6 0.365237 0.218083 0.245522 0.171158 1 
1 99.8 0.364273 0.218357 0.246041 0.171329 1 
1 100 0.363361 0.218562 0.246589 0.171488 1 
1 100.2 0.362528 0.218662 0.247168 0.171642 1 
1 100.4 0.361767 0.218671 0.247765 0.171796 1 
1 100.6 0.361035 0.218646 0.248362 0.171957 1 
1 100.8 0.360272 0.218659 0.248941 0.172129 1 
1 101 0.359432 0.218766 0.249494 0.172308 1 
1 101.2 0.358509 0.218975 0.250028 0.172489 1 
1 101.4 0.357533 0.219247 0.250559 0.172661 1 
1 101.6 0.356557 0.219515 0.251107 0.172821 1 
1 101.8 0.355636 0.21971 0.251683 0.17297 1 
1 102 0.354798 0.219799 0.252288 0.173115 1 
1 102.2 0.354033 0.219799 0.252907 0.173261 1 
1 102.4 0.353297 0.21977 0.253521 0.173413 1 
1 102.6 0.352529 0.219783 0.254112 0.173576 1 
1 102.8 0.351685 0.219892 0.254675 0.173747 1 
1 103 0.350761 0.220104 0.255218 0.173918 1 
1 103.2 0.349788 0.220376 0.255757 0.174079 1 
1 103.4 0.348821 0.220638 0.256313 0.174228 1 
1 103.6 0.347911 0.220824 0.256896 0.174368 1 
1 103.8 0.347088 0.220903 0.257504 0.174505 1 
1 104 0.346341 0.220895 0.258122 0.174641 1 
1 104.2 0.345623 0.220862 0.258731 0.174785 1 
1 104.4 0.344872 0.220875 0.259313 0.17494 1 
1 104.6 0.344046 0.220988 0.259864 0.175103 1 
1 104.8 0.343142 0.221202 0.260393 0.175263 1 
1 105 0.342194 0.221474 0.260918 0.175413 1 
1 105.2 0.341256 0.221732 0.26146 0.175553 1 
1 105.4 0.34038 0.221909 0.262027 0.175684 1 
1 105.6 0.339593 0.221978 0.262616 0.175812 1 
1 105.8 0.338886 0.221963 0.263212 0.17594 1 
1 106 0.338207 0.221925 0.263792 0.176076 1 
1 106.2 0.337494 0.22194 0.264343 0.176223 1 
1 106.4 0.336707 0.222056 0.26486 0.176378 1 
1 106.6 0.335844 0.222274 0.265354 0.176528 1 
1 106.8 0.334941 0.222546 0.265845 0.176668 1 
1 107 0.334052 0.222799 0.266351 0.176798 1 
1 107.2 0.333229 0.222968 0.266882 0.176922 1 
1 107.4 0.3325 0.223027 0.267431 0.177041 1 
1 107.6 0.331852 0.223004 0.267983 0.177161 1 
1 107.8 0.331232 0.222963 0.268516 0.17729 1 
1 108 0.330576 0.222978 0.269015 0.17743 1 
1 108.2 0.329847 0.223098 0.269479 0.177576 1 
1 108.4 0.329043 0.22332 0.269919 0.177717 1 
1 108.6 0.328202 0.223592 0.270357 0.177848 1 
1 108.8 0.327379 0.223841 0.270811 0.17797 1 
1 109 0.326626 0.224002 0.271287 0.178085 1 
1 109.2 0.325972 0.224051 0.27178 0.178197 1 
1 109.4 0.325399 0.22402 0.272271 0.17831 1 
1 109.6 0.324854 0.223975 0.272739 0.178432 1 
1 109.8 0.324271 0.223992 0.27317 0.178567 1 
1 110 0.323613 0.224116 0.273566 0.178705 1 
1 110.2 0.322883 0.224341 0.273939 0.178837 1 
1 110.4 0.322117 0.224614 0.27431 0.178959 1 
1 110.6 0.321372 0.224858 0.274697 0.179073 1 
1 110.8 0.320702 0.22501 0.275105 0.179182 1 
1 111 0.320135 0.22505 0.275528 0.179287 1 
1 111.2 0.319651 0.22501 0.275945 0.179394 1 
1 111.4 0.319191 0.224961 0.276337 0.179511 1 
1 111.6 0.318691 0.224979 0.276691 0.179639 1 
1 111.8 0.318115 0.225107 0.277008 0.17977 1 
1 112 0.317466 0.225337 0.277303 0.179894 1 
1 112.2 0.316783 0.22561 0.277598 0.180009 1 
1 112.4 0.316124 0.225849 0.27791 0.180117 1 
1 112.6 0.315545 0.225992 0.278243 0.18022 1 
1 112.8 0.315073 0.22602 0.278588 0.180318 1 
1 113 0.314684 0.225972 0.278924 0.18042 1 
1 113.2 0.314315 0.22592 0.279233 0.180533 1 
1 113.4 0.313902 0.225939 0.279503 0.180656 1 
1 113.6 0.313412 0.226071 0.279736 0.18078 1 
1 113.8 0.312848 0.226304 0.27995 0.180897 1 
1 114 0.31225 0.226577 0.280166 0.181006 1 
1 114.2 0.31168 0.226811 0.280399 0.181109 1 
1 114.4 0.311196 0.226944 0.280654 0.181206 1 
1 114.6 0.310821 0.226961 0.280918 0.1813 1 
1 114.8 0.310527 0.226904 0.281172 0.181397 1 
1 115 0.31025 0.226848 0.281396 0.181506 1 
1 115.2 0.309925 0.226869 0.281581 0.181625 1 
1 115.4 0.309519 0.227006 0.281732 0.181744 1 
1 115.6 0.309037 0.227242 0.281866 0.181855 1 
1 115.8 0.308523 0.227514 0.282003 0.181959 1 
1 116 0.308041 0.227742 0.282159 0.182057 1 
1 116.2 0.30765 0.227864 0.282337 0.18215 1 
1 116.4 0.307369 0.227869 0.282522 0.182239 1 
1 116.6 0.307167 0.227803 0.282696 0.182334 1 
1 116.8 0.306977 0.227743 0.28284 0.18244 1 
1 117 0.306734 0.227766 0.282945 0.182555 1 
1 117.2 0.306407 0.227908 0.283017 0.182668 1 
1 117.4 0.306002 0.228147 0.283076 0.182775 1 
1 117.6 0.305566 0.228418 0.28314 0.182875 1 
1 117.8 0.305166 0.228639 0.283226 0.18297 1 
1 118 0.304862 0.228749 0.283331 0.183058 1 
1 118.2 0.304669 0.228742 0.283445 0.183144 1 
1 118.4 0.304551 0.228667 0.283545 0.183237 1 
1 118.6 0.304439 0.228604 0.283615 0.183342 1 
1 118.8 0.304271 0.228629 0.283647 0.183453 1 
1 119 0.304014 0.228775 0.283649 0.183562 1 
1 119.2 0.303676 0.229018 0.283641 0.183665 1 
1 119.4 0.303308 0.229287 0.283641 0.183763 1 
1 119.6 0.302983 0.229499 0.283664 0.183854 1 
1 119.8 0.302756 0.229597 0.283707 0.183939 1 
1 120 0.302642 0.229578 0.283757 0.184023 1 
1 120.2 0.302598 0.229494 0.283792 0.184116 1 
1 120.4 0.302556 0.229429 0.283797 0.184218 1 
1 120.6 0.30245 0.229457 0.283767 0.184326 1 
1 120.8 0.302251 0.229608 0.283709 0.184432 1 
1 121 0.301969 0.229853 0.283645 0.184533 1 
1 121.2 0.30166 0.23012 0.283592 0.184628 1 
1 121.4 0.301399 0.230323 0.283562 0.184717 1 
1 121.6 0.30124 0.230408 0.283552 0.184799 1 
1 121.8 0.301193 0.230376 0.283548 0.184883 1 
1 122 0.301212 0.230284 0.283529 0.184975 1 
1 122.2 0.301227 0.230217 0.28348 0.185076 1 
1 122.4 0.301173 0.230248 0.283398 0.185182 1 
1 122.6 0.301019 0.230404 0.283292 0.185285 1 
1 122.8 0.300781 0.230652 0.283182 0.185384 1 
1 123 0.300521 0.230915 0.283086 0.185478 1 
1 123.2 0.300313 0.231109 0.283015 0.185564 1 
1 123.4 0.300212 0.231181 0.282963 0.185645 1 
1 123.6 0.30022 0.231136 0.282915 0.185728 1 
1 123.8 0.300291 0.231036 0.282852 0.18582 1 
1 124 0.300351 0.230969 0.28276 0.185921 1 
1 124.2 0.300335 0.231004 0.282637 0.186024 1 
1 124.4 0.300215 0.231166 0.282493 0.186126 1 
1 124.6 0.300012 0.231416 0.282349 0.186224 1 
1 124.8 0.299789 0.231675 0.282221 0.186315 1 
1 125 0.299625 0.231858 0.282118 0.1864 1 
1 125.2 0.299571 0.231916 0.282033 0.18648 1 
1 125.4 0.299625 0.231859 0.281951 0.186564 1 
1 125.6 0.299737 0.231753 0.281854 0.186656 1 
1 125.8 0.299831 0.231685 0.281728 0.186756 1 
1 126 0.299843 0.231726 0.281573 0.186858 1 
1 126.2 0.299746 0.231893 0.281402 0.186959 1 
1 126.4 0.299566 0.232145 0.281233 0.187056 1 
1 126.6 0.299373 0.232399 0.281082 0.187146 1 
1 126.8 0.299245 0.232571 0.280955 0.187229 1 
1 127 0.299229 0.232615 0.280846 0.18731 1 
1 127.2 0.29932 0.232547 0.280738 0.187394 1 
1 127.4 0.299463 0.232436 0.280614 0.187487 1 
1 127.6 0.299582 0.232369 0.280463 0.187586 1 
1 127.8 0.299612 0.232416 0.280286 0.187687 1 
1 128 0.299529 0.232589 0.280095 0.187787 1 
1 128.2 0.299366 0.232842 0.279908 0.187883 1 
1 128.4 0.299196 0.23309 0.279741 0.187972 1 
1 128.6 0.299097 0.233251 0.279598 0.188055 1 
1 128.8 0.299113 0.233281 0.27947 0.188136 1 
1 129 0.299233 0.233203 0.279343 0.188222 1 
1 129.2 0.2994 0.233087 0.279199 0.188314 1 
1 129.4 0.299536 0.233023 0.279028 0.188413 1 
1 129.6 0.299576 0.233076 0.278834 0.188513 1 
1 129.8 0.299502 0.233256 0.278629 0.188613 1 
1 130 0.29935 0.23351 0.278431 0.188709 1 
1 130.2 0.299199 0.233752 0.278253 0.188797 1 
1 130.4 0.299124 0.2339 0.278098 0.188879 1 
1 130.6 0.299166 0.233917 0.277957 0.188961 1 
1 130.8 0.29931 0.233828 0.277814 0.189048 1 
1 131 0.299496 0.233709 0.277653 0.189141 1 
1 131.2 0.299643 0.23365 0.277468 0.189239 1 
1 131.4 0.299688 0.233711 0.277262 0.18934 1 
1 131.6 0.299617 0.233896 0.277048 0.189439 1 
1 131.8 0.299474 0.234151 0.276842 0.189534 1 
1 132 0.299337 0.234385 0.276656 0.189621 1 
1 132.2 0.299284 0.234521 0.276491 0.189704 1 
1 132.4 0.299349 0.234525 0.276339 0.189787 1 
1 132.6 0.299515 0.234427 0.276183 0.189875 1 
1 132.8 0.299715 0.234306 0.27601 0.189968 1 
1 133 0.299868 0.234252 0.275813 0.190066 1 
1 133.2 0.299914 0.234321 0.275597 0.190167 1 
1 133.4 0.299845 0.234513 0.275376 0.190266 1 
1 133.6 0.299708 0.234767 0.275165 0.19036 1 
1 133.8 0.299585 0.234995 0.274973 0.190447 1 
1 134 0.299552 0.235117 0.274801 0.19053 1 
1 134.2 0.299639 0.235108 0.274639 0.190615 1 
1 134.4 0.299823 0.235002 0.274472 0.190703 1 
1 134.6 0.300034 0.234881 0.274287 0.190797 1 
1 134.8 0.300191 0.234833 0.27408 0.190896 1 
1 135 0.300235 0.234911 0.273857 0.190997 1 
1 135.2 0.300165 0.235109 0.27363 0.191096 1 
1 135.4 0.300034 0.235363 0.273414 0.191189 1 
1 135.6 0.299926 0.235581 0.273217 0.191276 1 
1 135.8 0.299911 0.235691 0.273038 0.19136 1 
1 136 0.300019 0.235669 0.272867 0.191445 1 
1 136.2 0.300219 0.235556 0.27269 0.191535 1 
1 136.4 0.30044 0.235436 0.272495 0.19163 1 
1 136.6 0.300597 0.235395 0.272279 0.191729 1 
1 136.8 0.300639 0.235483 0.272049 0.191829 1 
1 137 0.300568 0.235686 0.271818 0.191928 1 
1 137.2 0.300442 0.235939 0.271598 0.192021 1 
1 137.4 0.300347 0.236148 0.271397 0.192108 1 
1 137.6 0.300351 0.236244 0.271212 0.192193 1 
1 137.8 0.300478 0.23621 0.271032 0.192279 1 
1 138 0.300694 0.236091 0.270846 0.19237 1 
1 138.2 0.300921 0.235972 0.270641 0.192465 1 
1 138.4 0.301077 0.23594 0.270418 0.192565 1 
1 138.6 0.301114 0.236037 0.270183 0.192666 1 
1 138.8 0.301041 0.236247 0.269948 0.192764 1 
1 139 0.300921 0.236497 0.269725 0.192857 1 
1 139.2 0.300839 0.236696 0.26952 0.192944 1 
1 139.4 0.300862 0.236779 0.269329 0.19303 1 
1 139.6 0.301007 0.236732 0.269143 0.193118 1 
1 139.8 0.301235 0.236608 0.268948 0.19321 1 
1 140 0.301465 0.236493 0.268736 0.193306 1 
1 140.2 0.301617 0.236469 0.268507 0.193406 1 
1 140.4 0.301648 0.236577 0.268268 0.193507 1 
1 140.6 0.301572 0.236791 0.268032 0.193605 1 
1 140.8 0.301457 0.237038 0.267807 0.193697 1 
1 141 0.301388 0.237227 0.2676 0.193785 1 
1 141.2 0.301427 0.237295 0.267405 0.193872 1 
1 141.4 0.301589 0.237238 0.267212 0.193961 1 
1 141.6 0.301826 0.237109 0.267011 0.194054 1 
1 141.8 0.302057 0.236998 0.266794 0.194151 1 
1 142 0.302202 0.236985 0.266562 0.194251 1 
1 142.2 0.302223 0.237102 0.266322 0.194352 1 
1 142.4 0.302143 0.237321 0.266086 0.19445 1 
1 142.6 0.302032 0.237563 0.265862 0.194542 1 
1 142.8 0.301974 0.237741 0.265654 0.194631 1 
1 143 0.302028 0.237795 0.265457 0.194719 1 
1 143.2 0.302203 0.237726 0.265262 0.194809 1 
1 143.4 0.302445 0.237595 0.265058 0.194903 1 
1 143.6 0.302672 0.237489 0.264839 0.195001 1 
1 143.8 0.302806 0.237486 0.264607 0.195102 1 
1 144 0.302816 0.237613 0.264369 0.195203 1 
1 144.2 0.302729 0.237835 0.264136 0.1953 1 
1 144.4 0.302619 0.238073 0.263916 0.195392 1 
1 144.6 0.302569 0.238238 0.263711 0.195482 1 
1 144.8 0.302636 0.238278 0.263515 0.195571 1 
1 145 0.302819 0.238199 0.26332 0.195662 1 
1 145.2 0.303062 0.238065 0.263116 0.195756 1 
1 145.4 0.30328 0.237965 0.2629 0.195855 1 
1 145.6 0.303399 0.237973 0.262672 0.195957 1 
1 145.8 0.303394 0.238109 0.26244 0.196057 1 
1 146 0.303297 0.238334 0.262215 0.196154 1 
1 146.2 0.303186 0.238566 0.262002 0.196247 1 
1 146.4 0.303142 0.238718 0.261803 0.196338 1 
1 146.6 0.303217 0.238743 0.261612 0.196428 1 
1 146.8 0.303404 0.238655 0.261422 0.196519 1 
1 147 0.303642 0.23852 0.261224 0.196614 1 
1 147.2 0.303845 0.238428 0.261014 0.196714 1 
1 147.4 0.303944 0.238446 0.260795 0.196815 1 
1 147.6 0.303919 0.238591 0.260574 0.196915 1 
1 147.8 0.30381 0.238818 0.26036 0.197012 1 
1 148 0.303694 0.239042 0.260159 0.197106 1 
1 148.2 0.303652 0.239181 0.25997 0.197197 1 
1 148.4 0.303731 0.239192 0.259789 0.197287 1 
1 148.6 0.303917 0.239095 0.259608 0.19738 1 
1 148.8 0.304144 0.23896 0.25942 0.197476 1 
1 149 0.304327 0.238876 0.259222 0.197576 1 
1 149.2 0.304401 0.238906 0.259016 0.197677 1 
1 149.4 0.304353 0.239059 0.258811 0.197777 1 
1 149.6 0.304227 0.239286 0.258613 0.197874 1 
1 149.8 0.304104 0.239501 0.258428 0.197967 1 
1 150 0.304061 0.239626 0.258254 0.198059 1 
1 150.2 0.304139 0.239623 0.258088 0.19815 1 
1 150.4 0.304318 0.239519 0.25792 0.198243 1 
1 150.6 0.304529 0.239385 0.257747 0.19834 1 
1 150.8 0.304686 0.239309 0.257565 0.19844 1 
1 151 0.304731 0.239351 0.257378 0.198541 1 
1 151.2 0.304656 0.239511 0.257192 0.19864 1 
1 151.4 0.304511 0.239738 0.257015 0.198737 1 
1 151.6 0.304377 0.239943 0.256849 0.19883 1 
1 151.8 0.30433 0.240053 0.256695 0.198922 1 
1 152 0.304403 0.240038 0.256546 0.199013 1 
1 152.2 0.30457 0.239926 0.256397 0.199107 1 
1 152.4 0.304758 0.239795 0.256243 0.199204 1 
1 152.6 0.304886 0.239729 0.256082 0.199304 1 
1 152.8 0.304897 0.239781 0.255917 0.199404 1 
1 153 0.304793 0.239949 0.255755 0.199503 1 
1 153.2 0.304626 0.240173 0.255602 0.199599 1 
1 153.4 0.30448 0.240368 0.255459 0.199693 1 
1 153.6 0.304425 0.240463 0.255327 0.199785 1 
1 153.8 0.304489 0.240435 0.2552 0.199876 1 
1 154 0.30464 0.240318 0.255072 0.19997 1 
1 154.2 0.304802 0.24019 0.254941 0.200067 1 
1 154.4 0.304896 0.240134 0.254804 0.200166 1 
1 154.6 0.304871 0.240198 0.254665 0.200266 1 
1 154.8 0.304735 0.240371 0.254529 0.200364 1 
1 155 0.304546 0.240592 0.254402 0.20046 1 
1 155.2 0.304386 0.240775 0.254286 0.200553 1 
1 155.4 0.304322 0.240856 0.254178 0.200645 1 
1 155.6 0.304374 0.240815 0.254075 0.200736 1 
1 155.8 0.304505 0.240694 0.253972 0.20083 1 
1 156 0.304638 0.240571 0.253865 0.200927 1 
1 156.2 0.304695 0.240526 0.253754 0.201025 1 
1 156.4 0.304633 0.2406 0.253643 0.201124 1 
1 156.6 0.304465 0.240778 0.253536 0.201221 1 
1 156.8 0.304253 0.240994 0.253437 0.201316 1 
1 157 0.304078 0.241166 0.253347 0.201409 1 
1 157.2 0.304004 0.241231 0.253265 0.2015 1 
1 157.4 0.304042 0.241179 0.253188 0.201591 1 
1 157.6 0.304151 0.241055 0.25311 0.201684 1 
1 157.8 0.304252 0.240938 0.253029 0.20178 1 
1 158 0.304272 0.240904 0.252946 0.201878 1 
1 158.2 0.304173 0.240988 0.252863 0.201976 1 
1 158.4 0.303974 0.241169 0.252785 0.202072 1 
1 158.6 0.30374 0.24138 0.252714 0.202166 1 
1 158.8 0.303552 0.241539 0.252652 0.202257 1 
1 159 0.303467 0.241589 0.252596 0.202348 1 
1 159.2 0.303491 0.241527 0.252544 0.202438 1 
1 159.4 0.303576 0.241402 0.252491 0.202531 1 
1 159.6 0.303645 0.241292 0.252437 0.202626 1 
1 159.8 0.303627 0.24127 0.252381 0.202722 1 
1 160 0.303491 0.241363 0.252327 0.202819 1 
1 160.2 0.303263 0.241547 0.252277 0.202913 1 
1 160.4 0.30301 0.241751 0.252233 0.203006 1 
1 160.6 0.302811 0.241896 0.252197 0.203096 1 
1 160.8 0.302716 0.241932 0.252166 0.203186 1 
1 161 0.302725 0.241861 0.252138 0.203276 1 
1 161.2 0.302787 0.241735 0.25211 0.203367 1 
1 161.4 0.302824 0.241634 0.252081 0.203461 1 
1 161.6 0.30277 0.241623 0.252052 0.203556 1 
1 161.8 0.3026 0.241725 0.252024 0.20365 1 
1 162 0.302346 0.24191 0.252001 0.203744 1 
1 162.2 0.302077 0.242106 0.251983 0.203835 1 
1 162.4 0.301868 0.242237 0.251971 0.203924 1 
1 162.6 0.301765 0.242259 0.251964 0.204012 1 
1 162.8 0.301761 0.24218 0.251958 0.2041 1 
1 163 0.3018 0.242056 0.251953 0.204191 1 
1 163.2 0.301806 0.241963 0.251947 0.204283 1 
1 163.4 0.301718 0.241964 0.251942 0.204376 1 
1 163.6 0.301517 0.242075 0.251939 0.204469 1 
1 163.8 0.301241 0.242259 0.251939 0.20456 1 
1 164 0.30096 0.242446 0.251945 0.20465 1 
1 164.2 0.300745 0.242563 0.251955 0.204737 1 
1 164.4 0.300636 0.242572 0.251968 0.204824 1 
1 164.6 0.30062 0.242487 0.251983 0.204911 1 
1 164.8 0.300637 0.242365 0.251998 0.205 1 
1 165 0.300614 0.242282 0.252013 0.205091 1 
1 165.2 0.300495 0.242295 0.252029 0.205182 1 
1 165.4 0.300268 0.242412 0.252048 0.205272 1 
1 165.6 0.299973 0.242595 0.25207 0.205361 1 
1 165.8 0.299683 0.242772 0.252095 0.205449 1 
1 166 0.299466 0.242875 0.252124 0.205534 1 
1 166.2 0.299353 0.242872 0.252155 0.205619 1 
1 166.4 0.299326 0.242781 0.252187 0.205705 1 
1 166.6 0.299324 0.242663 0.25222 0.205793 1 
1 166.8 0.299275 0.242591 0.252254 0.205881 1 
1 167 0.299127 0.242614 0.252289 0.20597 1 
1 167.2 0.298878 0.242738 0.252326 0.206058 1 
1 167.4 0.29857 0.242919 0.252366 0.206145 1 
1 167.6 0.298276 0.243085 0.252408 0.206231 1 
1 167.8 0.298059 0.243174 0.252453 0.206314 1 
1 168 0.297945 0.243159 0.252499 0.206397 1 
1 168.2 0.297909 0.243064 0.252546 0.206481 1 
1 168.4 0.297889 0.242951 0.252593 0.206567 1 
1 168.6 0.297815 0.242889 0.252643 0.206653 1 
1 168.8 0.297643 0.242924 0.252693 0.20674 1 
1 169 0.297375 0.243053 0.252746 0.206826 1 
1 169.2 0.297059 0.24323 0.252801 0.206911 1 
1 169.4 0.296764 0.243385 0.252858 0.206994 1 
1 169.6 0.29655 0.24346 0.252915 0.207075 1 
1 169.8 0.296436 0.243434 0.252973 0.207156 1 
1 170 0.296393 0.243337 0.253032 0.207239 1 
1 170.2 0.296357 0.243229 0.253092 0.207322 1 
1 170.4 0.296261 0.243179 0.253154 0.207406 1 
1 170.6 0.296068 0.243223 0.253218 0.20749 1 
1 170.8 0.295786 0.243356 0.253284 0.207574 1 
1 171 0.295465 0.243528 0.253351 0.207656 1 
1 171.2 0.295173 0.243672 0.253419 0.207737 1 
1 171.4 0.294965 0.243733 0.253486 0.207816 1 
1 171.6 0.294853 0.243698 0.253554 0.207895 1 
1 171.8 0.294803 0.243599 0.253622 0.207975 1 
1 172 0.294752 0.243498 0.253693 0.208057 1 
1 172.2 0.294638 0.243459 0.253765 0.208138 1 
1 172.4 0.294427 0.243513 0.25384 0.20822 1 
1 172.6 0.294134 0.243649 0.253916 0.208301 1 
1 172.8 0.293811 0.243815 0.253993 0.208381 1 
1 173 0.293526 0.243946 0.254069 0.208459 1 
1 173.2 0.293325 0.243994 0.254144 0.208536 1 
1 173.4 0.293216 0.243951 0.25422 0.208613 1 
