time axis1.x axis1.y axis1.z axis2.x axis2.y axis2.z axis3.x axis3.y axis3.z
0.0 -0.3037976 -0.1435963 0.968424 0.878082 -0.464248 0.1159479 0.432940 0.873987 0.2207022
0.5 -0.1628975 -0.1017843 0.981378 0.908620 -0.403144 0.1090083 0.384542 0.909458 0.1581546
1.0 -0.1740656 -0.1086725 0.978719 0.879554 -0.464089 0.1048987 0.442814 0.879096 0.1763655
1.5 -0.1850871 -0.1299212 0.974096 0.898208 -0.424517 0.1140472 0.398703 0.896049 0.1952690
